[TextLines] Packet #22144: 42["drawCommands",[[0,1,12,94,85,94,85],[0,1,12,94,85,94,84]]]
[TextLines] Packet #22148: 42["drawCommands",[[0,1,12,94,84,94,79],[0,1,12,94,79,93,77],[0,1,12,93,77,89,76]]]
[TextLines] Packet #22150: 42["drawCommands",[[0,1,12,89,76,84,77],[0,1,12,84,77,77,80],[0,1,12,77,80,69,86]]]
[TextLines] Packet #22152: 42["drawCommands",[[0,1,12,69,86,62,94],[0,1,12,62,94,58,103],[0,1,12,58,103,56,112]]]
[TextLines] Packet #22154: 42["drawCommands",[[0,1,12,56,112,56,121],[0,1,12,56,121,60,127],[0,1,12,60,127,67,128]]]
[TextLines] Packet #22156: 42["drawCommands",[[0,1,12,67,128,75,128],[0,1,12,75,128,83,127],[0,1,12,83,127,90,125],[0,1,12,90,125,95,126]]]
[TextLines] Packet #22158: 42["drawCommands",[[0,1,12,166,78,166,78],[0,1,12,166,78,166,76],[0,1,12,166,76,165,73]]]
[TextLines] Packet #22160: 42["drawCommands",[[0,1,12,165,73,163,72],[0,1,12,163,72,158,73]]]
[TextLines] Packet #22162: 42["drawCommands",[[0,1,12,158,73,152,76],[0,1,12,152,76,145,83],[0,1,12,145,83,136,93]]]
[TextLines] Packet #22164: 42["drawCommands",[[0,1,12,136,93,129,107],[0,1,12,129,107,127,118],[0,1,12,127,118,129,125]]]
[TextLines] Packet #22166: 42["drawCommands",[[0,1,12,129,125,135,130],[0,1,12,135,130,143,133],[0,1,12,143,133,151,133]]]
[TextLines] Packet #22168: 42["drawCommands",[[0,1,12,151,133,159,131],[0,1,12,159,131,165,125]]]
[TextLines] Packet #22178: 42["drawCommands",[[0,1,12,219,72,219,72],[0,1,12,219,72,219,71]]]
[TextLines] Packet #22180: 42["drawCommands",[[0,1,12,219,71,218,70],[0,1,12,218,70,218,72],[0,1,12,218,72,219,78],[0,1,12,219,78,219,86]]]
[TextLines] Packet #22182: 42["drawCommands",[[0,1,12,219,86,219,95],[0,1,12,219,95,219,105]]]
[TextLines] Packet #22184: 42["drawCommands",[[0,1,12,219,105,218,115],[0,1,12,218,115,217,124],[0,1,12,217,124,217,127],[0,1,12,217,127,218,126]]]
[TextLines] Packet #22188: 42["drawCommands",[[0,1,12,284,66,284,66]]]
[TextLines] Packet #22190: 42["drawCommands",[[0,1,12,284,66,283,68],[0,1,12,283,68,283,71],[0,1,12,283,71,283,78]]]
[TextLines] Packet #22192: 42["drawCommands",[[0,1,12,283,78,283,87],[0,1,12,283,87,282,98],[0,1,12,282,98,280,109]]]
[TextLines] Packet #22194: 42["drawCommands",[[0,1,12,280,109,279,118],[0,1,12,279,118,278,122],[0,1,12,278,122,278,123]]]
[TextLines] Packet #22196: 42["drawCommands",[[0,1,12,278,123,277,123],[0,1,12,277,123,277,121],[0,1,12,277,121,277,119]]]
[TextLines] Packet #22198: 42["drawCommands",[[0,1,12,259,67,259,67]]]
[TextLines] Packet #22200: 42["drawCommands",[[0,1,12,259,67,259,67],[0,1,12,259,67,258,68],[0,1,12,258,68,261,70],[0,1,12,261,70,267,71]]]
[TextLines] Packet #22202: 42["drawCommands",[[0,1,12,267,71,276,71],[0,1,12,276,71,287,69],[0,1,12,287,69,295,69]]]
[TextLines] Packet #22204: 42["drawCommands",[[0,1,12,295,69,298,70]]]
[TextLines] Packet #22206: 42["drawCommands",[[0,1,12,362,44,362,44],[0,1,12,362,44,363,40],[0,1,12,363,40,363,39],[0,1,12,363,39,361,39]]]
[TextLines] Packet #22208: 42["drawCommands",[[0,1,12,361,39,358,41],[0,1,12,358,41,354,45],[0,1,12,354,45,350,51]]]
[TextLines] Packet #22210: 42["drawCommands",[[0,1,12,350,51,345,59],[0,1,12,345,59,342,67],[0,1,12,342,67,341,72]]]
[TextLines] Packet #22212: 42["drawCommands",[[0,1,12,341,72,342,75],[0,1,12,342,75,344,77],[0,1,12,344,77,347,78]]]
[TextLines] Packet #22214: 42["drawCommands",[[0,1,12,347,78,350,80],[0,1,12,350,80,352,82],[0,1,12,352,82,353,84]]]
[TextLines] Packet #22216: 42["drawCommands",[[0,1,12,353,84,351,87],[0,1,12,351,87,347,90],[0,1,12,347,90,344,92]]]
[TextLines] Packet #22218: 42["drawCommands",[[0,1,12,344,92,341,94],[0,1,12,341,94,341,94],[0,1,12,341,94,343,96]]]
[TextLines] Packet #22220: 42["drawCommands",[[0,1,12,343,96,346,98],[0,1,12,346,98,351,99],[0,1,12,351,99,356,100]]]
[TextLines] Packet #22222: 42["drawCommands",[[0,1,12,356,100,357,102],[0,1,12,357,102,356,107],[0,1,12,356,107,350,113]]]
[TextLines] Packet #22224: 42["drawCommands",[[0,1,12,350,113,343,120],[0,1,12,343,120,337,128],[0,1,12,337,128,332,134]]]
[TextLines] Packet #22226: 42["drawCommands",[[0,1,12,332,134,331,139],[0,1,12,331,139,335,140],[0,1,12,335,140,343,139]]]
[TextLines] Packet #22228: 42["drawCommands",[[0,1,12,343,139,353,136]]]
[TextLines] Packet #22235: 42["drawCommands",[[0,1,12,426,55,426,55],[0,1,12,426,55,424,55]]]
[TextLines] Packet #22237: 42["drawCommands",[[0,1,12,424,55,420,55],[0,1,12,420,55,416,58],[0,1,12,416,58,412,62]]]
[TextLines] Packet #22239: 42["drawCommands",[[0,1,12,412,62,409,67],[0,1,12,409,67,407,73],[0,1,12,407,73,408,77]]]
[TextLines] Packet #22241: 42["drawCommands",[[0,1,12,408,77,411,82],[0,1,12,411,82,416,87],[0,1,12,416,87,422,92]]]
[TextLines] Packet #22243: 42["drawCommands",[[0,1,12,422,92,425,100],[0,1,12,425,100,426,108],[0,1,12,426,108,424,115]]]
[TextLines] Packet #22245: 42["drawCommands",[[0,1,12,424,115,418,120],[0,1,12,418,120,411,122],[0,1,12,411,122,405,122]]]
[TextLines] Packet #22247: 42["drawCommands",[[0,1,12,405,122,401,122],[0,1,12,401,122,399,124],[0,1,12,399,124,399,125]]]
[TextLines] Packet #22249: 42["drawCommands",[[0,1,12,459,56,459,56]]]
[TextLines] Packet #22251: 42["drawCommands",[[0,1,12,459,56,458,58],[0,1,12,458,58,457,63],[0,1,12,457,63,456,72],[0,1,12,456,72,455,84]]]
[TextLines] Packet #22253: 42["drawCommands",[[0,1,12,455,84,453,98],[0,1,12,453,98,450,111],[0,1,12,450,111,449,119]]]
[TextLines] Packet #22255: 42["drawCommands",[[0,1,12,449,119,449,121],[0,1,12,449,121,450,121],[0,1,12,450,121,451,118]]]
[TextLines] Packet #22257: 42["drawCommands",[[0,1,12,451,118,452,117],[0,1,12,452,117,452,116]]]
[TextLines] Packet #22259: 42["drawCommands",[[0,1,12,454,105,454,105],[0,1,12,454,105,459,101]]]
[TextLines] Packet #22261: 42["drawCommands",[[0,1,12,459,101,473,87],[0,1,12,473,87,481,81],[0,1,12,481,81,488,76]]]
[TextLines] Packet #22263: 42["drawCommands",[[0,1,12,488,76,493,73],[0,1,12,493,73,496,72]]]
[TextLines] Packet #22265: 42["drawCommands",[[0,1,12,465,93,465,93],[0,1,12,465,93,465,95],[0,1,12,465,95,464,97]]]
[TextLines] Packet #22267: 42["drawCommands",[[0,1,12,464,97,466,100],[0,1,12,466,100,471,105],[0,1,12,471,105,475,112]]]
[TextLines] Packet #22269: 42["drawCommands",[[0,1,12,475,112,479,121],[0,1,12,479,121,483,127],[0,1,12,483,127,485,131]]]
[TextLines] Packet #22276: 42["drawCommands",[[0,1,12,517,78,517,78]]]
[TextLines] Packet #22278: 42["drawCommands",[[0,1,12,517,78,517,79],[0,1,12,517,79,523,77]]]
[TextLines] Packet #22280: 42["drawCommands",[[0,1,12,523,77,533,65]]]
[TextLines] Packet #22282: 42["drawCommands",[[0,1,12,533,65,540,58],[0,1,12,540,58,542,63]]]
[TextLines] Packet #22284: 42["drawCommands",[[0,1,12,542,63,541,82]]]
[TextLines] Packet #22286: 42["drawCommands",[[0,1,12,541,82,537,108],[0,1,12,537,108,536,117]]]
[TextLines] Packet #22288: 42["drawCommands",[[0,1,12,536,117,538,115]]]
[TextLines] Packet #22301: 42["drawCommands",[[0,1,12,570,66,570,66]]]
[TextLines] Packet #22303: 42["drawCommands",[[0,1,12,570,66,570,66],[0,1,12,570,66,568,66],[0,1,12,568,66,568,67]]]
[TextLines] Packet #22305: 42["drawCommands",[[0,1,12,568,67,568,71],[0,1,12,568,71,569,76]]]
[TextLines] Packet #22307: 42["drawCommands",[[0,1,12,569,76,567,95],[0,1,12,567,95,566,106],[0,1,12,566,106,564,115]]]
[TextLines] Packet #22309: 42["drawCommands",[[0,1,12,564,115,563,119],[0,1,12,563,119,563,120],[0,1,12,563,120,564,119]]]
[TextLines] Packet #22311: 42["drawCommands",[[0,1,12,564,119,565,115]]]
[TextLines] Packet #22313: 42["drawCommands",[[0,1,12,573,67,573,67],[0,1,12,573,67,572,66]]]
[TextLines] Packet #22315: 42["drawCommands",[[0,1,12,572,66,573,63],[0,1,12,573,63,576,61],[0,1,12,576,61,580,61]]]
[TextLines] Packet #22317: 42["drawCommands",[[0,1,12,580,61,584,62],[0,1,12,584,62,588,64],[0,1,12,588,64,589,69]]]
[TextLines] Packet #22319: 42["drawCommands",[[0,1,12,589,69,589,75],[0,1,12,589,75,586,81],[0,1,12,586,81,582,83]]]
[TextLines] Packet #22321: 42["drawCommands",[[0,1,12,582,83,578,83],[0,1,12,578,83,576,82],[0,1,12,576,82,575,81]]]
[TextLines] Packet #22323: 42["drawCommands",[[0,1,12,575,81,577,82],[0,1,12,577,82,581,84],[0,1,12,581,84,585,88]]]
[TextLines] Packet #22325: 42["drawCommands",[[0,1,12,585,88,589,93],[0,1,12,589,93,590,100],[0,1,12,590,100,589,107]]]
[TextLines] Packet #22327: 42["drawCommands",[[0,1,12,589,107,585,112],[0,1,12,585,112,580,115],[0,1,12,580,115,575,116]]]
[TextLines] Packet #22329: 42["drawCommands",[[0,1,12,575,116,571,117],[0,1,12,571,117,570,117],[0,1,12,570,117,570,116],[0,1,12,570,116,570,116]]]
[TextLines] Packet #22331: 42["drawCommands",[[0,1,12,618,59,618,59],[0,1,12,618,59,618,59],[0,1,12,618,59,618,63]]]
[TextLines] Packet #22333: 42["drawCommands",[[0,1,12,618,63,618,71],[0,1,12,618,71,618,83],[0,1,12,618,83,616,95]]]
[TextLines] Packet #22335: 42["drawCommands",[[0,1,12,616,95,616,107],[0,1,12,616,107,616,116],[0,1,12,616,116,616,121]]]
[TextLines] Packet #22337: 42["drawCommands",[[0,1,12,616,121,617,122],[0,1,12,617,122,618,121],[0,1,12,618,121,618,117]]]
[TextLines] Packet #22339: 42["drawCommands",[[0,1,12,619,62,619,62]]]
[TextLines] Packet #22341: 42["drawCommands",[[0,1,12,619,62,619,62],[0,1,12,619,62,622,58],[0,1,12,622,58,628,57]]]
[TextLines] Packet #22343: 42["drawCommands",[[0,1,12,628,57,633,57],[0,1,12,633,57,638,65]]]
[TextLines] Packet #22345: 42["drawCommands",[[0,1,12,638,65,637,71],[0,1,12,637,71,634,76],[0,1,12,634,76,629,78]]]
[TextLines] Packet #22347: 42["drawCommands",[[0,1,12,629,78,626,78],[0,1,12,626,78,625,78]]]
[TextLines] Packet #22349: 42["drawCommands",[[0,1,12,625,78,628,80],[0,1,12,628,80,633,83],[0,1,12,633,83,637,87]]]
[TextLines] Packet #22351: 42["drawCommands",[[0,1,12,637,87,640,91],[0,1,12,640,91,641,97],[0,1,12,641,97,638,105]]]
[TextLines] Packet #22353: 42["drawCommands",[[0,1,12,638,105,633,112],[0,1,12,633,112,627,116],[0,1,12,627,116,622,117]]]
[TextLines] Packet #22355: 42["drawCommands",[[0,1,12,622,117,619,117],[0,1,12,619,117,618,117],[0,1,12,618,117,617,116]]]
[TextLines] Packet #22357: 42["drawCommands",[[0,1,12,672,60,672,60],[0,1,12,672,60,672,60]]]
[TextLines] Packet #22359: 42["drawCommands",[[0,1,12,672,60,673,61],[0,1,12,673,61,673,63],[0,1,12,673,63,673,69]]]
[TextLines] Packet #22361: 42["drawCommands",[[0,1,12,673,69,673,79],[0,1,12,673,79,671,90],[0,1,12,671,90,669,101]]]
[TextLines] Packet #22363: 42["drawCommands",[[0,1,12,669,101,667,111],[0,1,12,667,111,666,118],[0,1,12,666,118,665,119]]]
[TextLines] Packet #22365: 42["drawCommands",[[0,1,12,665,119,666,119],[0,1,12,666,119,669,119],[0,1,12,669,119,674,119]]]
[TextLines] Packet #22367: 42["drawCommands",[[0,1,12,674,119,680,118],[0,1,12,680,118,687,116],[0,1,12,687,116,693,116]]]
[TextLines] Packet #22369: 42["drawCommands",[[0,1,12,693,116,698,117]]]
[TextLines] Packet #22399: 42["drawCommands",[[0,1,12,734,121,734,121]]]
[TextLines] Packet #22401: 42["drawCommands",[[0,1,12,734,121,734,121],[0,1,12,734,121,734,123],[0,1,12,734,123,737,124],[0,1,12,737,124,742,124]]]
[TextLines] Packet #22403: 42["drawCommands",[[0,1,12,742,124,748,124],[0,1,12,748,124,755,125],[0,1,12,755,125,761,127]]]
[TextLines] Packet #22405: 42["drawCommands",[[0,1,12,761,127,766,127]]]
[TextLines] Packet #22407: 42["drawCommands",[[0,1,12,67,208,67,208]]]
[TextLines] Packet #22409: 42["drawCommands",[[0,1,12,67,208,67,208],[0,1,12,67,208,67,210],[0,1,12,67,210,68,215],[0,1,12,68,215,69,223]]]
[TextLines] Packet #22411: 42["drawCommands",[[0,1,12,69,223,69,234],[0,1,12,69,234,68,242],[0,1,12,68,242,68,247]]]
[TextLines] Packet #22413: 42["drawCommands",[[0,1,12,68,247,68,249],[0,1,12,68,249,68,249],[0,1,12,68,249,69,249]]]
[TextLines] Packet #22415: 42["drawCommands",[[0,1,12,69,249,69,249]]]
[TextLines] Packet #22417: 42["drawCommands",[[0,1,12,129,201,129,201],[0,1,12,129,201,128,200]]]
[TextLines] Packet #22419: 42["drawCommands",[[0,1,12,128,200,125,199],[0,1,12,125,199,122,200],[0,1,12,122,200,118,202]]]
[TextLines] Packet #22421: 42["drawCommands",[[0,1,12,118,202,114,207],[0,1,12,114,207,111,212],[0,1,12,111,212,111,217]]]
[TextLines] Packet #22423: 42["drawCommands",[[0,1,12,111,217,112,223],[0,1,12,112,223,117,228],[0,1,12,117,228,122,233]]]
[TextLines] Packet #22425: 42["drawCommands",[[0,1,12,122,233,126,238],[0,1,12,126,238,128,243],[0,1,12,128,243,127,249]]]
[TextLines] Packet #22427: 42["drawCommands",[[0,1,12,127,249,124,254],[0,1,12,124,254,117,259],[0,1,12,117,259,109,261]]]
[TextLines] Packet #22429: 42["drawCommands",[[0,1,12,109,261,104,262],[0,1,12,104,262,102,262],[0,1,12,102,262,102,261]]]
[TextLines] Packet #22433: 42["drawCommands",[[0,1,12,164,258,164,258]]]
[TextLines] Packet #22435: 42["drawCommands",[[0,1,12,164,258,165,259],[0,1,12,165,259,169,260],[0,1,12,169,260,174,260]]]
[TextLines] Packet #22437: 42["drawCommands",[[0,1,12,174,260,180,260],[0,1,12,180,260,187,261],[0,1,12,187,261,193,262],[0,1,12,193,262,196,262]]]
[TextLines] Packet #22439: 42["drawCommands",[[0,1,12,224,203,224,203]]]
[TextLines] Packet #22441: 42["drawCommands",[[0,1,12,224,203,224,203],[0,1,12,224,203,225,205],[0,1,12,225,205,228,211]]]
[TextLines] Packet #22443: 42["drawCommands",[[0,1,12,228,211,232,222],[0,1,12,232,222,235,236],[0,1,12,235,236,237,248]]]
[TextLines] Packet #22445: 42["drawCommands",[[0,1,12,237,248,240,256],[0,1,12,240,256,242,262],[0,1,12,242,262,244,265]]]
[TextLines] Packet #22447: 42["drawCommands",[[0,1,12,244,265,246,265],[0,1,12,246,265,248,260],[0,1,12,248,260,250,252]]]
[TextLines] Packet #22449: 42["drawCommands",[[0,1,12,250,252,252,243],[0,1,12,252,243,256,231],[0,1,12,256,231,259,220]]]
[TextLines] Packet #22451: 42["drawCommands",[[0,1,12,259,220,262,213],[0,1,12,262,213,264,210],[0,1,12,264,210,266,208]]]
[TextLines] Packet #22453: 42["drawCommands",[[0,1,12,297,203,297,203],[0,1,12,297,203,297,203],[0,1,12,297,203,298,201]]]
[TextLines] Packet #22455: 42["drawCommands",[[0,1,12,298,201,301,200],[0,1,12,301,200,305,200],[0,1,12,305,200,309,203]]]
[TextLines] Packet #22457: 42["drawCommands",[[0,1,12,309,203,311,206],[0,1,12,311,206,311,214],[0,1,12,311,214,309,218]]]
[TextLines] Packet #22459: 42["drawCommands",[[0,1,12,309,218,306,222],[0,1,12,306,222,302,223],[0,1,12,302,223,300,223]]]
[TextLines] Packet #22461: 42["drawCommands",[[0,1,12,300,223,300,222],[0,1,12,300,222,303,222],[0,1,12,303,222,307,224]]]
[TextLines] Packet #22463: 42["drawCommands",[[0,1,12,307,224,311,228],[0,1,12,311,228,313,233],[0,1,12,313,233,314,239]]]
[TextLines] Packet #22465: 42["drawCommands",[[0,1,12,314,239,312,244],[0,1,12,312,244,307,249],[0,1,12,307,249,301,251]]]
[TextLines] Packet #22467: 42["drawCommands",[[0,1,12,301,251,297,251],[0,1,12,297,251,295,251],[0,1,12,295,251,294,251],[0,1,12,294,251,294,251]]]
[TextLines] Packet #22471: 42["drawCommands",[[0,1,12,356,195,356,195],[0,1,12,356,195,356,200],[0,1,12,356,200,357,207]]]
[TextLines] Packet #22473: 42["drawCommands",[[0,1,12,357,207,357,216],[0,1,12,357,216,356,228],[0,1,12,356,228,355,240]]]
[TextLines] Packet #22475: 42["drawCommands",[[0,1,12,355,251,357,247],[0,1,12,357,247,359,243]]]
[TextLines] Packet #22477: 42["drawCommands",[[0,1,12,359,206,359,206],[0,1,12,359,206,359,205]]]
[TextLines] Packet #22479: 42["drawCommands",[[0,1,12,359,205,361,200],[0,1,12,361,200,364,197],[0,1,12,364,197,368,196]]]
[TextLines] Packet #22481: 42["drawCommands",[[0,1,12,368,196,372,196],[0,1,12,372,196,375,198],[0,1,12,375,198,376,201]]]
[TextLines] Packet #22483: 42["drawCommands",[[0,1,12,376,201,377,207],[0,1,12,377,207,374,214],[0,1,12,374,214,372,220]]]
[TextLines] Packet #22485: 42["drawCommands",[[0,1,12,372,220,370,222],[0,1,12,370,222,368,221],[0,1,12,368,221,367,221]]]
[TextLines] Packet #22487: 42["drawCommands",[[0,1,12,367,221,369,222],[0,1,12,369,222,373,226],[0,1,12,373,226,377,232]]]
[TextLines] Packet #22489: 42["drawCommands",[[0,1,12,377,232,381,238],[0,1,12,381,238,384,244],[0,1,12,384,244,386,249]]]
[TextLines] Packet #22491: 42["drawCommands",[[0,1,12,386,249,387,255],[0,1,12,387,255,389,260],[0,1,12,389,260,389,261]]]
[TextLines] Packet #22493: 42["drawCommands",[[0,1,12,415,257,415,257]]]
[TextLines] Packet #22495: 42["drawCommands",[[0,1,12,415,257,415,256],[0,1,12,415,256,416,253],[0,1,12,416,253,418,247]]]
[TextLines] Packet #22497: 42["drawCommands",[[0,1,12,418,247,423,239],[0,1,12,423,239,429,228],[0,1,12,429,228,436,217]]]
[TextLines] Packet #22499: 42["drawCommands",[[0,1,12,436,217,443,207],[0,1,12,443,207,447,200],[0,1,12,447,200,450,197]]]
[TextLines] Packet #22501: 42["drawCommands",[[0,1,12,450,197,450,196]]]
[TextLines] Packet #22525: 42["drawCommands",[[0,1,12,414,192,414,192]]]
[TextLines] Packet #22527: 42["drawCommands",[[0,1,12,414,192,414,192],[0,1,12,414,192,416,195],[0,1,12,416,195,419,201]]]
[TextLines] Packet #22531: 42["drawCommands",[[0,1,12,419,201,421,209],[0,1,12,421,209,422,217]]]
[TextLines] Packet #22533: 42["drawCommands",[[0,1,12,422,217,424,223]]]
[TextLines] Packet #22535: 42["drawCommands",[[0,1,12,459,259,459,259],[0,1,12,459,259,458,260]]]
[TextLines] Packet #22537: 42["drawCommands",[[0,1,12,458,260,459,261],[0,1,12,459,261,468,261]]]
[TextLines] Packet #22539: 42["drawCommands",[[0,1,12,468,261,480,263],[0,1,12,480,263,483,264]]]
[TextLines] Packet #22541: 42["drawCommands",[[0,1,12,517,198,517,198]]]
[TextLines] Packet #22543: 42["drawCommands",[[0,1,12,517,198,517,198],[0,1,12,517,198,517,201]]]
[TextLines] Packet #22545: 42["drawCommands",[[0,1,12,517,201,518,205],[0,1,12,518,205,519,211],[0,1,12,519,211,519,221]]]
[TextLines] Packet #22547: 42["drawCommands",[[0,1,12,519,221,517,234],[0,1,12,517,234,515,247]]]
[TextLines] Packet #22549: 42["drawCommands",[[0,1,12,515,247,514,255],[0,1,12,514,255,513,257]]]
[TextLines] Packet #22551: 42["drawCommands",[[0,1,12,513,257,517,248]]]
[TextLines] Packet #22553: 42["drawCommands",[[0,1,12,517,204,517,204]]]
[TextLines] Packet #22555: 42["drawCommands",[[0,1,12,517,204,517,204],[0,1,12,517,204,519,204],[0,1,12,519,204,523,204]]]
[TextLines] Packet #22557: 42["drawCommands",[[0,1,12,523,204,528,205],[0,1,12,528,205,534,206],[0,1,12,534,206,540,207]]]
[TextLines] Packet #22559: 42["drawCommands",[[0,1,12,540,207,546,209],[0,1,12,546,209,547,209]]]
[TextLines] Packet #22561: 42["drawCommands",[[0,1,12,521,225,521,225],[0,1,12,521,225,526,230]]]
[TextLines] Packet #22563: 42["drawCommands",[[0,1,12,526,230,538,228],[0,1,12,538,228,546,227]]]
[TextLines] Packet #22588: 42["drawCommands",[[0,1,12,570,209,570,209],[0,1,12,570,209,567,225]]]
[TextLines] Packet #22590: 42["drawCommands",[[0,1,12,568,243,576,256],[0,1,12,576,256,586,251]]]
[TextLines] Packet #22593: 42["drawCommands",[[0,1,12,586,251,593,232]]]
[TextLines] Packet #22595: 42["drawCommands",[[0,1,12,593,232,597,215],[0,1,12,597,215,597,214]]]
[TextLines] Packet #22597: 42["drawCommands",[[0,1,12,608,260,608,260],[0,1,12,608,260,608,259]]]
[TextLines] Packet #22599: 42["drawCommands",[[0,1,12,608,259,609,253],[0,1,12,609,253,610,245],[0,1,12,610,245,612,236]]]
[TextLines] Packet #22601: 42["drawCommands",[[0,1,12,612,236,616,217]]]
[TextLines] Packet #22603: 42["drawCommands",[[0,1,12,616,217,618,211],[0,1,12,618,211,621,209]]]
[TextLines] Packet #22605: 42["drawCommands",[[0,1,12,621,209,623,225],[0,1,12,623,225,628,245]]]
[TextLines] Packet #22607: 42["drawCommands",[[0,1,12,628,245,636,255],[0,1,12,636,255,639,256]]]
[TextLines] Packet #22609: 42["drawCommands",[[0,1,12,639,256,642,253],[0,1,12,642,253,647,236]]]
[TextLines] Packet #22611: 42["drawCommands",[[0,1,12,647,236,653,213]]]
[TextLines] Packet #22613: 42["drawCommands",[[0,1,12,653,213,658,203],[0,1,12,658,203,658,202]]]
[TextLines] Packet #22615: 42["drawCommands",[[0,1,12,677,261,677,261]]]
[TextLines] Packet #22617: 42["drawCommands",[[0,1,12,677,261,677,258],[0,1,12,677,258,678,251],[0,1,12,678,251,680,244]]]
[TextLines] Packet #22619: 42["drawCommands",[[0,1,12,680,244,682,235],[0,1,12,682,235,685,223]]]
[TextLines] Packet #22621: 42["drawCommands",[[0,1,12,685,223,689,204],[0,1,12,689,204,692,202]]]
[TextLines] Packet #22623: 42["drawCommands",[[0,1,12,692,202,695,217],[0,1,12,695,217,697,231]]]
[TextLines] Packet #22625: 42["drawCommands",[[0,1,12,697,231,700,244],[0,1,12,700,244,706,259]]]
[TextLines] Packet #22627: 42["drawCommands",[[0,1,12,706,259,711,257],[0,1,12,711,257,714,249]]]
[TextLines] Packet #22629: 42["drawCommands",[[0,1,12,714,249,720,228],[0,1,12,720,228,723,217]]]
[TextLines] Packet #22631: 42["drawCommands",[[0,1,12,723,217,729,203],[0,1,12,729,203,729,202]]]
[TextLines] Packet #22637: 42["drawCommands",[[0,1,12,60,395,60,395],[0,1,12,60,395,60,395],[0,1,12,60,395,60,391]]]
[TextLines] Packet #22639: 42["drawCommands",[[0,1,12,60,391,63,384],[0,1,12,63,384,74,364]]]
[TextLines] Packet #22641: 42["drawCommands",[[0,1,12,74,364,84,347]]]
[TextLines] Packet #22643: 42["drawCommands",[[0,1,12,84,347,89,341],[0,1,12,89,341,89,340]]]
[TextLines] Packet #22645: 42["drawCommands",[[0,1,12,62,333,62,333],[0,1,12,62,333,62,333]]]
[TextLines] Packet #22647: 42["drawCommands",[[0,1,12,62,333,62,333],[0,1,12,62,333,62,334],[0,1,12,62,334,64,338]]]
[TextLines] Packet #22649: 42["drawCommands",[[0,1,12,64,338,68,345],[0,1,12,68,345,70,353],[0,1,12,70,353,72,359]]]
[TextLines] Packet #22651: 42["drawCommands",[[0,1,12,72,359,74,363],[0,1,12,74,363,75,364]]]
[TextLines] Packet #22653: 42["drawCommands",[[0,1,12,121,319,121,319]]]
[TextLines] Packet #22655: 42["drawCommands",[[0,1,12,121,319,121,319],[0,1,12,121,319,125,320],[0,1,12,125,320,128,320]]]
[TextLines] Packet #22657: 42["drawCommands",[[0,1,12,128,320,131,322],[0,1,12,131,322,133,323],[0,1,12,133,323,133,326]]]
[TextLines] Packet #22659: 42["drawCommands",[[0,1,12,133,326,132,329],[0,1,12,132,329,129,333],[0,1,12,129,333,124,339]]]
[TextLines] Packet #22661: 42["drawCommands",[[0,1,12,124,339,120,344],[0,1,12,120,344,116,350],[0,1,12,116,350,115,355]]]
[TextLines] Packet #22663: 42["drawCommands",[[0,1,12,115,355,116,358],[0,1,12,116,358,118,361],[0,1,12,118,361,121,363]]]
[TextLines] Packet #22665: 42["drawCommands",[[0,1,12,121,363,124,365],[0,1,12,124,365,127,365],[0,1,12,127,365,128,367]]]
[TextLines] Packet #22667: 42["drawCommands",[[0,1,12,128,367,128,369],[0,1,12,128,369,125,373],[0,1,12,125,373,122,378]]]
[TextLines] Packet #22669: 42["drawCommands",[[0,1,12,122,378,120,383],[0,1,12,120,383,120,387],[0,1,12,120,387,124,391]]]
[TextLines] Packet #22671: 42["drawCommands",[[0,1,12,124,391,129,395],[0,1,12,129,395,135,398],[0,1,12,135,398,139,403]]]
[TextLines] Packet #22673: 42["drawCommands",[[0,1,12,139,403,139,408],[0,1,12,139,408,137,415],[0,1,12,137,415,130,422]]]
[TextLines] Packet #22675: 42["drawCommands",[[0,1,12,130,422,121,428],[0,1,12,121,428,113,430],[0,1,12,113,430,108,430]]]
[TextLines] Packet #22677: 42["drawCommands",[[0,1,12,108,430,106,430],[0,1,12,106,430,106,431]]]
